0000000000000000000000000000000000000000011111111111111111000100000010000000010001000000100000000100010000001100000001000100000011000000110001000000110000001000010000010100000010000100000100100000100001000001001000011000010000100001001100000011001000011110000000011110000000000000000000000000000000000000000000000000000000000000000000000000000000000000000000000000000000000000000000000000000000000000
0000000000000000000000000000000000000000000000000000000000000111111111111111111001000000001000000010010000000010000000100100000000100000001001000000001000000010010000000110000000100100000001100000001001000000011000000010010000000110000000100110000010010000001000100001100110000100001101110000011110000000100000000000000000000000000000000000000000000000000000000000000000000000000000000000000000000000
0000000000000000000000000000000000000000011111111111111111100100000001000000001001000000010000000010010000000100000000100100000001000000001001000000010000000010010000000100000000100100000001000000001001100000010000000010001000000100000001000010000001100000110000110000011101110000000111001001110000000000011110000000000000000000000000000000000000000000000000000000000000000000000000000000000000000000
0000000000000000000000000000000000000000011111111111111111100100000010000000001001000000100000000010010000001000000000100100000010000000001001000000100000000010010000001000000000100100000010000000010001000000100000000100011000001000000011000011000011000011100000011000111111000000000011111000000000000000000000000000000000000000000000000000000000000000000000000000000000000000000000000000000000000000
0000000000000000000000000000000000000000011111111111111111100100000010000000001001000000100000000010010000001000000000100100000010000000001001000000100000000010010000001000000001100100000010000000010001000000100000000100001000001100000001000010000111100000110000100001001111111000001111110000000000000000000000000000000000000000000000000000000000000000000000000000000000000000000000000000000000000000
0000000000000000000000000000000000000000000000000000000000000111111111111111111011000000100000000010100000001000000000101000000010000000001010000000100000000100100000011100000001001000000101000000010011000001010000001100010000100110000110000110011000111110000000111100000000000000000000000000000000000000000000000000000000000000000000000000000000000000000000000000000000000000000000000000000000000000
0000000000000000000000000000000000000000000000000000000000000111111111111111111001000000100000000010010000001000000000100100000010000000001001000000100000000110010000011000000001000100000110000000010001000001110000001100010000010110000010000100001100011001100001100010000001110000001111000000000000000000000000000000000000000000000000000000000000000000000000000000000000000000000000000000000000000000
0000000000000000000000000000000000000000011111111111111111000100000010000000010001000000100000000100010000001000000001000100000010000000010001000000100000000100010000001000000001000110000010000000010000100000110000000100001100001110000011000001000100111001100000011110000001110000000000000000000000000000000000000000000000000000000000000000000000000000000000000000000000000000000000000000000000000000
0000000000000000000000000000000000000000011111111111111111100100000010000000001001000000100000000010010000010000000000100100000100000000001001000001000000000010010000010000000000100100000100000000001001000000100000000110010000011100000111000110001101111111000000110110000000000000000110000000000000000000000000000000000000000000000000000000000000000000000000000000000000000000000000000000000000000000
0000000000000000000000000000000000000000000000000000000000000000000000000000000000100000000000000000011111111111111111100100000001000000100001000000010000001000010000000100000010001000000011000000100010000000101000001000100000011010000010001000001100110001100011000110000111110000011011000000000000000011000000000000000000000000000000000000000000000000000000000000000000000000000000000000000000000000
0000000000000000000000000000000000000000000000000000000000000011110000000000000000100011111111111100001000001000000010000010000010000000110000100000100000000100001000001000000001000011000111000000010000010001010000000100000100110100000011000001111001100001100000000000001111110000000000000000000000000000000000000000000000000000000000000000000000000000000000000000000000000000000000000000000000000000
0000000000000000000000000000100000000000011111111111111111100110000010000000010001000000100000000100010000001000000001000100000110000000010001000001100000000100010000011000000001000010000110000000010000100001100000001000001000011000000010000010000111000000100000010001010000010000000100010100001100000001101100110110000000001110000110000000000000000000000000000000000000000000000000000000000000000000
0000000000000000000001111111111111111110010000000100000000100100000001000000001001000000010000000010010000000100000000100100000001000000001001000000010000000010010000000100000000100100000001000000001001000000010000000010001000001010000001000001000100010001100000001110000011100000000000000000000000000000000000000000000000000000000000000000000000000000000000000000000000000000000000000000000000000000
0000000000000000000001111111111111111110010000000100000000100100000001000000001001000000010000000010010000000100000000100100000001000000001001000000010000000010010000000100000000100100000001000000001001000000010000000010001000001010000001000001000100010001100000001110000011100000000000000000000000000000000000000000000000000000000000000000000000000000000000000000000000000000000000000000000000000000
0000000000000000000000000000000000000000000000000000000000000000000000000000000000000000000000000000001111111111111000000010001000001000000000100011000010000000010000110000100000000100001100001000000001000101000110000000001011001011000000000011100011100000000000000000000000000000000000000000000000000000000000000000000000000000000000000000000000000000000000000000000000000000000000000000000000000000
0000000000000000000000000000000000000000011110000000000100000100011111111111000001000000010000010000010000000100000100000100000001000001000001000000010000010000010000000100000100000100000011100001000001000000101000100000010000001010001000000100000100010100000001000011000111000000010001100000000000000010110000000000000000111000000000000000000000000000000000000000000000000000000000000000000000000000
0000000000000000000000000000000000000000000000000000000000000000000000000000000000000000000000000000000000000000000000000011111111111100000000000000101111110000000000001000001000000000000010000010000000000000100000100000000000000100001000000000000000110110000000000000000110000000000000000000000000000000000000000000000000000000000000000000000000000000000000000000000000000000000000000000000000000000
0000000000000000000000000000000000000000000000000000000000000000000000000000000000000000000000000000001111111100000000000000000001111111100000000000010000010000000000001100000100000000000010000001000000000000100000010000000000001000000100000000000010000001000000000000110000110000000000000111111000000000000000000000000000000000000000000000000000000000000000000000000000000000000000000000000000000000
0000000000000000000000000000000000000000000000000000000000001111111000000000000010000001111110000000100000100000011100001000001000000001000010000010000000001000100001100000000010001000111000000000100010011010000000001000101100010000000010001110000100000001000000000001000001110000000000001111110000000000000000000000000000000000000000000000000000000000000000000000000000000000000000000000000000000000
0000000000000000000000000000000000000000001111111111111110000010000011000001000000100000100000010000001000001000000100000010000100000001000000100001000000110000001000111000011100000010011010011000000000111100111100000000000000000000000000000000000000000000000000000000000000000000000000000000000000000000000000000000000000000000000000000000000000000000000000000000000000000000000000000000000000000000
0000000000000000000000000000000000000000000000000000000000000000000000000000000000000111111111110000000110000100001100000011000011000001000000100000110000010000010000001100000100000100000111000001000001000001010000010000010000010100001100000010001001100110000000111110001110000000000000000000000000000000000000000000000000000000000000000000000000000000000000000000000000000000000000000000000000000000
0000000000000000000001111111111111111110010000000100000000100100000001000000001001000000010000000010010000000100000000100100000001000000001001000000010000000010010000000100000000100100000001000000001001000000010000000010001000001010000001000001000100010001100000001110000011100000000000000000000000000000000000000000000000000000000000000000000000000000000000000000000000000000000000000000000000000000
0000000000000000000000000000000000000000000000000000000000000000000000000000000000000000000000000000000000000111000000000000000001000001000000111111111111111000000000000100000011000000000010000000010000000000100000000100000000001000000001000000000011000000010000000000010000001100000000000110000010000000000000011111100000000000000000000000000000000000000000000000000000000000000000000000000000000000
0000000000000000000000000000000000000000000000000000000000000000000000000000000000000000000000000000000000001000000000000000000010000000000000000000100000000000000000011111110000000001111110000110000000110000100000100000001000011000001000000001011111000010000000011100011001000000000000000011111000000000000000000010000000000000000000000000000000000000000000000000000000000000000000000000000000000000
0000000000000000000001111111111111111110010000000100000000100100000001000000001001000000010000000010010000000100000000100100000001000000001001000000010000000010010000000100000000100100000001000000001001000000010000000010001000001010000001000001000100010001100000001110000011100000000000000000000000000000000000000000000000000000000000000000000000000000000000000000000000000000000000000000000000000000
