0000000000000000000000111111111111111100001000000000000000000001000000000000000000001000000000000000000001100000000000000000000100000000000000000000100000000000000000000100000000000000000000110000000000000000000010000000000000000000010000000000000000000010000000000000000000011000000000000000000001000011111111111111110000000000000000000000000000000000000000000000000000000000000000000000000000000000
0000000000000000000000000000000000000000000000000000000011000000000000000011000000000000001111000000000000011100000000000000011100000000000001111000000000000000111100000000000000000000111111011111100000000000000000001100000000000000111100000000000000111000000000000000011000000000000000011000000000000000001100000000000000011100000000000000111100000000000000000000000000000000000000000000000000000000
0000000000000000000000000000000000000000000000000000000000000000000000000000110000000000000011110000000000111111000000000011110000000000000001100000000000000000000111111110000000000000000000111000000000000000000001110000000000000000000111000000000000000000011000000000000011111100000000011111000000000000111000000000000011110000000000000000100000000000000000000000000000000000000000000000000000000000
0000000000000000000000000000000000000000000000000000000000000000000000000000000000000000000000111000000000000000111000000000000011110000000000001111000000000000011100000000000000000111100000000000000000001111110000000000000000000011110000000000000000000011100000000000000000011100000000000011111000000000000111100000000000001110000000000000001110000000000000000100000000000000000000000000000000000000
0000000000000000000000000000000000000000000000000000000111000000000000000111000000000000000110000000000000001110000000000000011110000000000000011100000000000000011111000000000000000000011111100000000000000000000111100000000000000000000111000000000000000011110000000000000111000000000000000111000000000000000111000000000000000111000000000000001111000000000000000110000000000000000000000000000000000000
0000000000000000000000000000000000000000000000000000000000000000000000000000100000000000000000111000000000000001110000000000000001110000000000000011100000000000000111000000000000000011000000000000000001111100000000000000000000111111110000000000000000000011110000000000000000001100000000000000111110000000000000111000000000000011111000000000000111000000000000000110000000000000000000000000000000000000
0000000000000000000000000000000000000000000000000000000000000000000000000000110000000000000000111000000000000000011000000000000000111000000000000000111000000000000001111000000000001111100000000000000011111100000000000000000000111111000000000000000000001111100000000000000000001100000000000000111110000000000000011000000000000000111000000000000000011000000000000100111000000000000000110000000000000000
0000000000000000000000000000000000000000000000000000000011000000000000000111100000000000001110000000000000011100000000000000011000000000000000111100000000000000011100000000000000000001111110000000000000000000111100000000000000000000111111000000000000000001110000000000000111100000000000001111000000000000011110000000000000111100000000000000011000000000000000000000000000000000000000000000000000000000
0000000000000000000000000000000000000000000000000000000000000000000000000000110000000000000011111000000000001111100000000000111100000000000000111000000000000000011111000000000000000000011111000000000000000000001111000000000000000000001111000000000000000001110000000000000111100000000000001111000000000000111100000000000001111000000000000000000000000000000000000000000000000000000000000000000000000000
0000000000000000000000000000000000000000000000000000000000000000000000000011000000000000001111000000000000111110000000000001111000000000000000110000000000000000000111000000000000000000011111000000000000000000011100000000000000000000110000000000000000000011000000000000001111100000000000111100000000000000011000000000000000111000000000000000010000000000000000000000000000000000000000000000000000000000
0000000000000000000000111111111111111100001000000000000000000001000000000000000000001000000000000000000001100000000000000000000100000000000000000000100000000000000000000100000000000000000000110000000000000000000010000000000000000000010000000000000000000010000000000000000000011000000000000000000001000011111111111111110000000000000000000000000000000000000000000000000000000000000000000000000000000000
0000000000000000000000000000000000000000000000000000000000000000000000011110000000000001111100000000001111110000000000000011000000000000000000011000000000000000000001100000000000000000000110000000000000000000111000000000000000000011100000000000000000001100000001111111111111000000000000000000000000000000000000000000000000000000000000000000000000000000000000000000000000000000000000000000000000000000
0000000000000000000000000000000000000000000000000000000011000000000000011111000000001111111100000000000011100000000000000000000110000000000000000000110000000000000000000011100000000000000000001110000000000000000000110000000000000000000010000000000000011111110000111111111000000000000000000000000000000000000000000000000000000000000000000000000000000000000000000000000000000000000000000000000000000000
0000000000000000000000000000000011111100000000011111000000000001111100000000000000110000000000000000000111000000000000000000001100000000000000000001100000000000000000000110000000000000000000011000000000000000000011000000000000000000011000000000000000000011000001111111111111011000000000000000001110000000000000000000000000000000000000000000000000000000000000000000000000000000000000000000000000000000
0000000000000000000000111111111111111100000010000000000000000000010000000000000000000010000000000000000000100000000000000000000100000000000000000000110000000000000000000010000000000000000000100000000000000000000110000000000000000000100000000000000000000100000000000000000000100000000000000000001100000111111100000001000000000000111111110000000000000000000000000000000000000000000000000000000000000000
0000000000000000000000111111111111111100001000000000000000000001000000000000000000001000000000000000000001100000000000000000000100000000000000000000100000000000000000000100000000000000000000110000000000000000000010000000000000000000010000000000000000000010000000000000000000011000000000000000000001000011111111111111110000000000000000000000000000000000000000000000000000000000000000000000000000000000
0000000000000000000000000000000000000000000000000111111000000000011110000000000000011000000000000000000100000000000000000000110000000000000000000011000000000000000000001100000000000000000000111000000000000000000011000000000000000000001000000011111111111100000000000000000000000000000000000000000000000000000000000000000000000000000000000000000000000000000000000000000000000000000000000000000000000000
0000000000000000000000000000000000000000000000000000000000000000000001111111000000111111100000000000001100000000000000000000110000000000000000000111000000000000000000011000000000000000000011000000000000000000001100000000000000000001100000000000000000000110000001110000000000100000000111111111111000000000000000000000000000000000000000000000000000000000000000000000000000000000000000000000000000000000
0000000000000000000000111111111111111100001000000000000000000001000000000000000000001000000000000000000001100000000000000000000100000000000000000000100000000000000000000100000000000000000000110000000000000000000010000000000000000000010000000000000000000010000000000000000000011000000000000000000001000011111111111111110000000000000000000000000000000000000000000000000000000000000000000000000000000000
0000000000000000000000000000000000000000000000000000000000000000000000000000000000000000000000000000011111111111111111000010000000000000000000011000000000000000000010000000000000000000011000000000000000000011000000000000000000011100000000000000000001100000000000000000001100000000000000000001100000000000000000000110000001110000000000110000000111111111000011000000000000001111110000000000000000000000
0000000000000000000000000000000000000000000000000000000000000000000000000000000000001111111111100000000001100000000000000000001100000000000000000001100000000000000000001100000000000000000000100000000000000000000100000000000111111111100000000000000000000000000000000000000000000000000000000000000000000000000000000000000000000000000000000000000000000000000000000000000000000000000000000000000000000000
0000000000000000000000000000000000000000000001111111111100000000001100000000000000000000100000000000000000000100000000000000000000100000000000000000000100000000000000000000100000000000000000001100000000000000000001000000000000000000001000000000000000000011000000000000000000011000000011111111110011000000000000000011110000000000000000000000000000000000000000000000000000000000000000000000000000000000
0000000000000000000000000000000000000000001110000000000000000010011111111110000000010000000000000000000110000000000000000000110000000000000000000110000000000000000000110000000000000000000011000000000000000000010000000000000000000010000000000000000000010000000000000000000010000000000000111110010000000111110000111110000000000000000000000000000000000000000000000000000000000000000000000000000000000000
