0000000000000000000000000000000000000000000000000000000000000000000000000000000000000000000000000000100000000000000000001100000000000000000000110000000000000000000110000000000000000000110000000000000000000011111111111100000001100000000000000000110000000000000000010000000000000000011000000000000000001100000000000000000010000000000000000000000000000000000000000000000000000000000000000000000000000000
0000000000000000000000000000000000000000000000000000000000000000000000000000000011000000000000000000011000000000000000000011000000000000000000011000000000000000000001111111111111000000010000000000000000001100000000000000000110000000000000000011000000000000000001100000000000000000110000000000000000001000000000000000000000000000000000000000000000000000000000000000000000000000000000000000000000000000
0000000000000000000000000000000000000000000000000000000000000000000000000000000000100000000000000000001000000000000000000001000000000000000000001100000000000000000001100000000000000000000111000000000000000000111111111110000000111000000000000000111000000000000000011000000000000000001100000000000000000010000000000000000000100000000000000000000000000000000000000000000000000000000000000000000000000000
0000000000000000000000000000000000000000000000000000000000000001100000000000000000001000000000000000000001000000000000000000011000000000000000000011000000000000000000011000000000000000000011111111111000000000100000000000000000010000000000000000001100000000000000000110000000000000000001000000000000000000110000000000000000001000000000000000000000000000000000000000000000000000000000000000000000000000
0000000000000000000000000000000000000000001000000000000000000011000000000000000000010000000000000000000110000000000000000000111000000000000000000011000000000000000000001111111111100000000110000000000000000001000000000000000000100000000000000000011000000000000000001100000000000000000110000000000000000011000000000000000000000000000000000000000000000000000000000000000000000000000000000000000000000000
0000000000000000000000000000000000000000000000000000000000000000000000000000000000100000000000000000000110000000000000000000110000000000000000000110000000000000000000110000000000000000000110000000000000000000111111111110000000011000000000000000001100000000000000000110000000000000000011000000000000000000100000000000000000010000000000000000001000000000000000000010000000000000000000000000000000000000
0000000000000000000000000000000000000000000000000000000000000000000000000000000000110000000000000000000110000000000000000000110000000000000000000011000000000000000000011111111111000000001100000000000000000010000000000000000001000000000000000000100000000000000000010000000000000000001000000000000000000000000000000000000000000000000000000000000000000000000000000000000000000000000000000000000000000000
0000000000000000000000000000000000000000000000000000000000000000000000000000000000011000000000000000000011000000000000000000010000000000000000000110000000000000000000100000000000000000000110000000000000000000111111111100000000011000000000000000001100000000000000000010000000000000000001100000000000000000010000000000000000001100000000000000000110000000000000000001000000000000000000000000000000000000
0000000000000000000000000000000000000000000000000000000000000000000000000000000001000000000000000000011000000000000000000001000000000000000000001000000000000000000001000000000000000000001111111111100000000110000000000000000001000000000000000000100000000000000000011000000000000000001100000000000000000110000000000000000011000000000000000000000000000000000000000000000000000000000000000000000000000000
0000000000000000000000000000000000000000000000000000000000000000000000000000000001000000000000000000001000000000000000000001000000000000000000001000000000000000000001000000000000000000001000000000000000000001111111111110000000100000000000000000010000000000000000001000000000000000000100000000000000000010000000000000000001000000000000000000000000000000000000000000000000000000000000000000000000000000
0000000000000000000000000000000000000000000000000000000000000000000000000000000001000000000000000000001000000000000000000001000000000000000000001000000000000000000001000000000000000000001000000000000000000001111111111110000000100000000000000000010000000000000000001000000000000000000100000000000000000010000000000000000001000000000000000000000000000000000000000000000000000000000000000000000000000000
0000000000000000000000000000000000000000000000000000000000000010000000000000000000010000000000000000000110000000000000000000110000000000000000000110000000000100000000110000000011000000000110000011100000000000100011100000000000001111000000000001111100000000000000110000000000000000000000000000000000000000000000000000000000000000000000000000000000000000000000000000000000000000000000000000000000000000
0000000000000000000000000000000000011110000000000000000100110000000000000010000100110000000000100011000011111000010001100000000011000100110000000000010001110000000000001100111000000000000111111010000000000011110000100000001111111000001000000000000000000010000000000000000001000000000000000000010000000000000000000100000000000000000000000000000000000000000000000000000000000000000000000000000000000000
0000000000000000000000000000000000011110000000000000000100110000000000000010000100110000000000100011000011111000010001100000000011000100110000000000010001110000000000001100111000000000000111111010000000000011110000100000001111111000001000000000000000000010000000000000000001000000000000000000010000000000000000000100000000000000000000000000000000000000000000000000000000000000000000000000000000000000
0000000000000000000000000000000000000000000000000000000000000000000000000000000000000000000000000000000000000000000000000000000000000111000000011100000010010000000000111001000010000000000010010001100000000001001001110000000001111111100000000000110001100000000000000000010000000000000000000100000000000000000010000000000000000000100000000000000000001000000000000000000000000000000000000000000000000000
0000000000000000000000000000000000000000000000000000000000000000000000000000000000000000000000000000000000000000000000000001111100000000000000000000111000000000000000000010111111000000000000111000011000000000011000000010000000001100011111100001111111111000000000110001100000000000000000010000000000000000000100000000000000000010000000000000000000100000000000000000001000000000000000000000000000000000
0000000000000000000000000000000000000000000000000000000000000010000000000000000000110000000000000000000110000000000000000000110000000011000000000110000011100000000000110011100000000000000111000000000000000011100000000000000011000000000000000011000000000000000011100000000000000000000000000000000000000000000000000000000000000000000000000000000000000000000000000000000000000000000000000000000000000000
0000000000000000000000000000000000000000000000000000000000000010000000000000000000110000000000000000000110000000000000000000110000000011000000000110000011100000000000110011100000000000000111000000000000000011100000000000000011000000000000000011000000000000000011100000000000000000000000000000000000000000000000000000000000000000000000000000000000000000000000000000000000000000000000000000000000000000
0000000000000000000000000000000000000000000000000000000000000000000000000000000001000000000000000000001000000000000000000001000000000000000000001000000000000000000001000000000000000000001000000000000000000001111111111110000000100000000000000000010000000000000000001000000000000000000100000000000000000010000000000000000001000000000000000000000000000000000000000000000000000000000000000000000000000000
